0.003152;0.00183;-0.003
0.005349;0.002922;-0.005
0.006134;0.004147;-0.006
0.005143;0.003341;-0.005
0.00518;0.003826;-0.005
0.004245;0.002759;-0.004
0.004319;0.002467;-0.004
0.005203;0.003281;-0.005
0.006378;0.003616;-0.006
0.00545;0.002851;-0.005
0.005042;0.003711;-0.005
0.005015;0.003589;-0.005
0.007397;0.004571;-0.007
0.005255;0.003181;-0.005
0.003129;0.001882;-0.003
0.006573;0.003439;-0.006
0.005061;0.003358;-0.005
0.003274;0.001763;-0.003
0.005374;0.002872;-0.005
0.004305;0.002583;-0.004
0.004245;0.002406;-0.004
0.005094;0.003413;-0.005
0.006368;0.003933;-0.006
0.006284;0.004087;-0.006
0.003196;0.001784;-0.003
0.004264;0.002707;-0.004
0.004129;0.002451;-0.004
0.005155;0.003269;-0.005
0.00532;0.003331;-0.005
0.004183;0.002565;-0.004
0.006251;0.003875;-0.006
0.004036;0.002909;-0.004
0.003288;0.00172;-0.003
0.00309;0.002005;-0.003
0.003109;0.001823;-0.003
0.003112;0.001798;-0.003
0.005292;0.003212;-0.005
0.00409;0.002461;-0.004
0.004119;0.002441;-0.004
0.004255;0.002344;-0.004
0.004162;0.002435;-0.004
0.005142;0.003019;-0.005
0.003086;0.00217;-0.003
0.003187;0.002015;-0.003
0.003233;0.001771;-0.003
0.003098;0.001897;-0.003
0.004315;0.002382;-0.004
0.00321;0.001963;-0.003
0.007452;0.004465;-0.007
0.007188;0.005327;-0.007
0.005245;0.003286;-0.005
0.005179;0.00301;-0.005
0.003208;0.001778;-0.003
0.004183;0.002583;-0.004
0.005193;0.00306;-0.005
0.005308;0.003296;-0.005
0.005427;0.003089;-0.005
0.003139;0.001876;-0.003
0.00431;0.002305;-0.004
0.005244;0.003455;-0.005
0.006189;0.003631;-0.006
0.003094;0.001923;-0.003
0.004302;0.002357;-0.004
0.003194;0.001894;-0.003
0.006264;0.003706;-0.006
0.004251;0.002497;-0.004
0.003154;0.001761;-0.003
0.004285;0.00241;-0.004
0.003213;0.001896;-0.003
0.006038;0.004251;-0.006
0.004277;0.002616;-0.004
0.008768;0.004565;-0.008
0.005187;0.003266;-0.005
0.007402;0.004212;-0.007
0.00432;0.002397;-0.004
0.005315;0.002979;-0.005
0.005345;0.003398;-0.005
0.004199;0.002804;-0.004
0.007421;0.004476;-0.007
0.003177;0.001824;-0.003
0.006529;0.003435;-0.006
0.005229;0.002976;-0.005
0.005404;0.002898;-0.005
0.004013;0.00313;-0.004
0.004251;0.002369;-0.004
0.004219;0.002596;-0.004
0.003135;0.002042;-0.003
0.005266;0.00315;-0.005
0.004261;0.002364;-0.004
0.004171;0.002627;-0.004
0.004111;0.002861;-0.004
0.005149;0.003347;-0.005
0.003099;0.001955;-0.003
0.005301;0.003122;-0.005
0.007669;0.003993;-0.007
0.00655;0.003411;-0.006
0.005463;0.002851;-0.005
0.004294;0.002364;-0.004
0.004083;0.002695;-0.004
0.005176;0.003342;-0.005
0.004109;0.002432;-0.004
